A1, 50, 120, 17, 352, 142, 58, 174, 214, 71, 37, 58, 98, 131, 66, 98, 323, 129, 110, 7, 198, 110, 42, 69, 124, 118, 180, 135, 59, 40, 137, 113, 114, 147, 342, 165, 146, 66, 197, 148, 60, 140, 157, 84, 123, 162, 107, 226, 161, 63, 158, 173, 90, 185, 175, 83, 118, 179, 287, 223, 191, 79, 58, 201, 80, 21, 205, 276, 115, 210, 183, 213, 208, 262, 151, 224, 127, 164, 233, 122, 113, 235, 169, 200, 239, 105, 230, 240, 91, 182, 243, 120, 246, 245, 84, 115, 251, 160, 136, 267, 139, 150, 271, 307, 128, 282, 312, 185, 285, 298, 45, 287, 219, 77, 288, 3, 27, 291, 212, 152, 290, 148, 229, 292, 297, 105, 300, 177, 218, 306, 323, 89, 315, 1, 134, 316, 326, 159, 317, 325, 160, 324, 338, 201, 332, 343, 148, 337, 352, 172, 339, 346, 
A2, 56, 76, 14, 332, 50, 33, 139, 120, 32, 158, 61, 52, 322, 136, 58, 353, 71, 79, 321, 94, 80, 148, 44, 84, 131, 205, 88, 197, 73, 93, 322, 128, 94, 354, 51, 111, 118, 181, 125, 42, 226, 123, 35, 158, 128, 37, 113, 135, 330, 15, 149, 290, 140, 152, 79, 225, 151, 48, 137, 156, 107, 164, 154, 77, 27, 162, 111, 182, 166, 76, 125, 176, 276, 231, 181, 62, 125, 187, 298, 134, 192, 308, 76, 194, 73, 122, 195, 259, 222, 193, 76, 209, 199, 96, 171, 214, 143, 233, 221, 90, 151, 235, 319, 40, 239, 62, 173, 242, 149, 87, 254, 30, 237, 251, 114, 205, 257, 138, 135, 267, 184, 230, 267, 294, 239, 268, 152, 199, 272, 312, 244, 274, 276, 142, 277, 353, 39, 286, 225, 62, 287, 217, 175, 292, 340, 124, 296, 3, 215, 300, 349, 109, 310, 201, 148, 314, 354, 125, 329, 195, 147, 329, 3, 76, 333, 186, 98, 335, 186, 
A3, 46, 69, 32, 0, 128, 44, 186, 178, 59, 191, 202, 75, 200, 191, 85, 28, 53, 93, 153, 123, 98, 177, 193, 98, 203, 56, 107, 336, 87, 110, 347, 18, 129, 152, 52, 132, 156, 31, 135, 336, 63, 149, 149, 102, 155, 163, 155, 165, 193, 37, 183, 323, 205, 182, 49, 239, 192, 59, 120, 202, 146, 51, 207, 128, 224, 205, 233, 138, 213, 166, 219, 220, 68, 120, 225, 107, 68, 236, 114, 124, 235, 66, 144, 246, 236, 193, 246, 87, 131, 251, 246, 143, 257, 240, 157, 256, 276, 65, 261, 93, 50, 262, 110, 143, 264, 207, 81, 265, 276, 44, 279, 100, 225, 282, 91, 193, 285, 117, 25, 296, 115, 35, 309, 65, 164, 312, 163, 53, 321, 214, 95, 330, 194, 57, 346, 186, 72, 348, 6, 
A4, 28, 126, 17, 8, 147, 55, 200, 45, 62, 322, 88, 69, 340, 117, 68, 170, 152, 75, 44, 77, 100, 343, 24, 106, 121, 56, 121, 323, 104, 125, 166, 19, 132, 301, 82, 134, 343, 113, 139, 53, 83, 147, 357, 81, 191, 118, 103, 190, 89, 149, 190, 256, 118, 203, 90, 165, 202, 79, 145, 206, 87, 54, 209, 288, 60, 213, 301, 92, 211, 114, 72, 225, 150, 21, 230, 70, 58, 244, 172, 169, 257, 93, 87, 306, 318, 
A5, 25, 164, 66, 160, 131, 69, 330, 182, 72, 357, 99, 87, 321, 72, 96, 135, 134, 100, 332, 185, 121, 0, 144, 134, 145, 117, 144, 328, 137, 145, 329, 59, 154, 308, 193, 166, 172, 212, 167, 6, 163, 173, 343, 170, 183, 158, 147, 192, 338, 173, 190, 347, 184, 204, 169, 199, 227, 172, 61, 230, 307, 135, 235, 323, 101, 255, 307, 127, 276, 314, 178, 278, 356, 137, 291, 319, 
A6, 35, 133, 51, 86, 66, 54, 84, 105, 62, 101, 145, 62, 83, 77, 74, 253, 82, 79, 293, 219, 83, 76, 78, 87, 243, 94, 85, 146, 162, 87, 90, 206, 86, 79, 126, 88, 110, 50, 115, 23, 73, 120, 195, 94, 120, 149, 221, 120, 256, 210, 124, 82, 123, 134, 297, 44, 145, 23, 66, 153, 200, 167, 155, 114, 178, 156, 104, 208, 157, 84, 106, 164, 145, 63, 167, 354, 143, 200, 302, 213, 200, 290, 84, 209, 180, 147, 213, 308, 111, 224, 338, 172, 228, 315, 194, 235, 326, 148, 241, 333, 93, 263, 353, 151, 265, 349, 
A7, 23, 94, 86, 6, 95, 94, 177, 75, 110, 354, 100, 131, 177, 140, 131, 23, 113, 147, 24, 131, 145, 30, 170, 158, 215, 54, 161, 128, 47, 176, 312, 59, 180, 127, 107, 206, 169, 172, 222, 233, 87, 223, 328, 100, 228, 97, 112, 228, 45, 151, 228, 59, 107, 234, 63, 29, 242, 96, 138, 245, 228, 104, 264, 62, 156, 291, 246, 136, 292, 236, 
A8, 26, 82, 46, 138, 139, 50, 158, 96, 74, 323, 152, 75, 345, 158, 81, 160, 73, 87, 316, 81, 98, 132, 152, 105, 349, 99, 115, 134, 182, 115, 177, 112, 118, 323, 201, 120, 14, 63, 123, 309, 142, 125, 343, 189, 157, 27, 100, 165, 315, 193, 165, 194, 117, 180, 316, 97, 195, 113, 51, 197, 113, 137, 233, 293, 125, 250, 83, 187, 265, 127, 72, 269, 89, 171, 275, 242, 176, 280, 305, 
A9, 20, 158, 50, 177, 209, 57, 211, 162, 70, 14, 194, 93, 210, 191, 107, 58, 115, 120, 340, 155, 132, 45, 88, 150, 307, 148, 148, 172, 175, 150, 231, 228, 156, 267, 140, 157, 135, 145, 160, 90, 138, 172, 107, 166, 189, 103, 157, 262, 121, 67, 270, 319, 196, 273, 293, 122, 291, 311, 146, 290, 305, 
A10, 47, 59, 11, 187, 113, 10, 35, 141, 20, 217, 41, 31, 4, 169, 56, 45, 99, 63, 210, 66, 66, 188, 54, 77, 7, 190, 78, 228, 37, 90, 166, 134, 107, 222, 29, 111, 350, 168, 113, 232, 136, 131, 228, 162, 131, 59, 190, 137, 55, 104, 154, 219, 129, 159, 232, 169, 157, 242, 56, 164, 193, 160, 164, 222, 12, 170, 333, 209, 177, 232, 190, 182, 194, 202, 184, 212, 209, 192, 180, 62, 210, 204, 54, 219, 34, 10, 223, 328, 22, 248, 11, 39, 250, 25, 165, 251, 184, 130, 254, 207, 56, 258, 211, 146, 260, 0, 166, 267, 186, 90, 284, 205, 45, 287, 212, 33, 289, 28, 190, 290, 173, 30, 295, 210, 116, 300, 194, 49, 324, 194, 81, 324, 188, 87, 338, 169, 149, 338, 357, 72, 341, 359, 
A11, 44, 126, 12, 338, 30, 24, 307, 62, 67, 314, 183, 71, 28, 137, 96, 346, 213, 102, 49, 156, 105, 158, 190, 110, 52, 68, 112, 118, 110, 116, 117, 18, 124, 298, 22, 130, 113, 159, 140, 96, 171, 140, 76, 125, 143, 101, 200, 168, 90, 213, 168, 87, 166, 185, 273, 160, 197, 264, 196, 197, 104, 203, 197, 270, 132, 206, 49, 156, 208, 229, 109, 211, 63, 88, 216, 267, 33, 217, 84, 173, 218, 148, 78, 224, 63, 62, 230, 58, 147, 236, 219, 76, 247, 231, 60, 252, 44, 146, 253, 205, 125, 258, 27, 169, 259, 166, 45, 267, 232, 60, 266, 238, 112, 270, 225, 184, 274, 149, 47, 291, 214, 163, 293, 336, 65, 316, 203, 113, 317, 203, 144, 317, 6, 
A12, 36, 95, 45, 169, 110, 63, 160, 64, 78, 326, 128, 98, 166, 156, 102, 38, 39, 124, 300, 169, 126, 70, 55, 132, 311, 49, 137, 103, 150, 143, 84, 126, 150, 125, 135, 152, 120, 69, 157, 297, 144, 159, 108, 158, 161, 262, 70, 170, 297, 193, 173, 273, 50, 177, 121, 188, 182, 108, 96, 185, 122, 142, 186, 288, 73, 189, 294, 83, 195, 307, 182, 200, 288, 47, 204, 148, 178, 210, 290, 80, 219, 278, 63, 220, 143, 62, 236, 153, 118, 243, 290, 77, 247, 148, 108, 256, 308, 80, 267, 325, 93, 266, 158, 143, 267, 298, 102, 288, 349, 
A13, 54, 172, 17, 53, 166, 36, 224, 54, 39, 20, 119, 38, 205, 153, 40, 41, 102, 47, 23, 50, 56, 180, 171, 57, 225, 38, 60, 6, 145, 81, 221, 73, 100, 194, 177, 104, 229, 96, 127, 203, 220, 130, 215, 145, 133, 224, 13, 153, 318, 118, 153, 211, 83, 156, 184, 81, 167, 170, 145, 168, 217, 27, 169, 121, 203, 178, 215, 72, 181, 129, 39, 194, 104, 107, 193, 181, 179, 205, 212, 243, 205, 224, 70, 211, 82, 108, 213, 37, 84, 217, 295, 101, 218, 48, 162, 222, 35, 42, 226, 77, 197, 229, 217, 75, 233, 252, 132, 245, 31, 32, 249, 59, 167, 245, 218, 199, 255, 208, 55, 261, 232, 165, 260, 208, 142, 262, 215, 145, 277, 197, 190, 277, 200, 105, 283, 204, 78, 290, 194, 101, 293, 197, 174, 298, 194, 74, 310, 177, 167, 310, 191, 62, 316, 0, 168, 330, 180, 214, 330, 197, 81, 331, 173, 
A14, 12, 69, 117, 152, 84, 129, 142, 214, 127, 62, 229, 134, 235, 195, 145, 239, 180, 160, 72, 212, 190, 79, 58, 203, 110, 44, 238, 101, 168, 261, 101, 126, 268, 131, 84, 276, 217, 
A15, 37, 181, 53, 8, 100, 86, 325, 60, 90, 128, 166, 112, 8, 43, 122, 307, 203, 128, 42, 102, 130, 134, 124, 131, 338, 166, 148, 35, 119, 151, 342, 157, 162, 49, 174, 174, 68, 26, 175, 280, 125, 178, 113, 215, 183, 70, 145, 194, 117, 132, 208, 287, 26, 211, 281, 86, 213, 77, 126, 214, 273, 74, 219, 84, 221, 222, 90, 122, 225, 222, 196, 223, 103, 139, 234, 152, 159, 236, 127, 181, 235, 103, 39, 244, 76, 104, 244, 224, 26, 255, 86, 137, 254, 152, 148, 253, 302, 112, 256, 177, 155, 256, 136, 217, 267, 105, 122, 279, 158, 137, 286, 143, 
A16, 21, 67, 67, 340, 116, 106, 6, 140, 109, 188, 66, 112, 149, 41, 117, 323, 66, 118, 330, 174, 156, 204, 100, 171, 352, 23, 199, 298, 200, 205, 53, 23, 221, 287, 155, 243, 68, 99, 246, 87, 222, 255, 62, 122, 256, 73, 27, 264, 273, 180, 265, 82, 207, 275, 72, 79, 282, 73, 141, 280, 250, 136, 287, 240, 
A17, 44, 97, 37, 0, 188, 48, 194, 153, 49, 11, 95, 57, 6, 167, 62, 191, 32, 86, 352, 102, 87, 181, 124, 117, 11, 178, 117, 200, 89, 169, 8, 33, 178, 349, 71, 186, 8, 69, 197, 17, 135, 204, 35, 83, 206, 34, 60, 219, 59, 13, 224, 100, 46, 225, 82, 87, 225, 55, 127, 223, 42, 129, 237, 52, 59, 238, 104, 91, 242, 90, 35, 249, 276, 157, 247, 55, 43, 250, 277, 33, 252, 242, 109, 253, 84, 122, 253, 70, 11, 257, 253, 52, 258, 294, 54, 272, 148, 135, 272, 76, 54, 291, 328, 95, 291, 127, 76, 292, 143, 158, 300, 59, 104, 306, 128, 147, 305, 90, 158, 321, 83, 124, 325, 125, 33, 330, 340, 188, 330, 221, 173, 336, 190, 
A18, 30, 71, 38, 177, 181, 47, 207, 116, 51, 193, 23, 68, 354, 81, 96, 10, 215, 139, 48, 41, 142, 346, 185, 173, 52, 93, 177, 204, 87, 188, 42, 108, 191, 60, 160, 196, 70, 72, 201, 65, 105, 204, 232, 198, 207, 59, 71, 214, 98, 14, 223, 311, 21, 230, 120, 148, 231, 264, 210, 240, 65, 203, 244, 104, 114, 248, 300, 86, 257, 298, 208, 265, 278, 164, 280, 323, 97, 314, 333, 159, 316, 335, 82, 351, 160, 103, 351, 346, 157, 351, 346, 
A19, 31, 77, 61, 176, 128, 76, 198, 188, 80, 214, 143, 97, 203, 148, 108, 197, 63, 162, 160, 182, 180, 37, 79, 188, 152, 43, 193, 143, 138, 199, 188, 125, 208, 167, 76, 213, 135, 107, 222, 132, 220, 220, 55, 138, 228, 152, 110, 240, 110, 156, 240, 201, 198, 243, 66, 129, 249, 68, 158, 250, 177, 191, 259, 117, 38, 266, 104, 166, 265, 273, 222, 265, 82, 213, 271, 108, 150, 275, 21, 185, 274, 291, 61, 279, 79, 74, 287, 75, 108, 288, 37, 125, 288, 34, 
A20, 24, 160, 58, 350, 63, 65, 142, 74, 96, 323, 130, 97, 345, 137, 104, 163, 52, 109, 316, 60, 119, 134, 130, 126, 352, 77, 137, 135, 159, 137, 177, 90, 139, 326, 41, 144, 312, 180, 142, 14, 119, 147, 343, 167, 178, 27, 78, 186, 316, 171, 186, 194, 94, 202, 316, 75, 216, 113, 221, 233, 53, 115, 254, 293, 104, 271, 83, 154, 283, 266, 167, 283, 115, 
A21, 28, 74, 77, 330, 158, 79, 215, 136, 86, 200, 197, 97, 231, 181, 136, 70, 139, 155, 65, 187, 163, 255, 112, 171, 93, 117, 169, 77, 106, 172, 107, 179, 180, 82, 98, 187, 105, 147, 188, 87, 69, 193, 285, 189, 202, 84, 164, 213, 270, 93, 217, 284, 74, 227, 281, 50, 230, 83, 67, 243, 267, 73, 245, 287, 96, 250, 122, 183, 262, 90, 103, 262, 122, 75, 268, 264, 147, 269, 115, 71, 277, 238, 135, 284, 295, 
A22, 45, 48, 14, 155, 144, 29, 28, 169, 32, 211, 88, 36, 8, 53, 42, 141, 101, 42, 183, 180, 51, 53, 79, 54, 152, 100, 57, 163, 69, 72, 118, 175, 79, 73, 128, 86, 218, 60, 89, 304, 155, 95, 245, 182, 118, 96, 210, 120, 83, 136, 123, 139, 158, 141, 120, 78, 144, 42, 31, 153, 63, 109, 156, 0, 72, 157, 45, 51, 162, 52, 133, 165, 173, 122, 192, 186, 208, 190, 297, 184, 213, 328, 227, 212, 311, 162, 218, 332, 131, 224, 346, 114, 226, 183, 30, 233, 221, 27, 244, 208, 190, 251, 352, 161, 255, 172, 22, 256, 203, 54, 256, 188, 79, 266, 176, 133, 270, 357, 67, 276, 0, 178, 291, 3, 87, 292, 180, 98, 304, 0, 127, 304, 177, 64, 308, 172, 
A23, 24, 66, 84, 333, 202, 83, 45, 131, 86, 11, 155, 98, 197, 57, 126, 125, 198, 128, 228, 170, 141, 215, 88, 146, 329, 46, 155, 301, 150, 155, 204, 217, 184, 66, 66, 205, 100, 114, 206, 94, 217, 210, 70, 183, 218, 84, 201, 219, 79, 142, 226, 250, 119, 237, 44, 155, 250, 135, 91, 264, 76, 141, 259, 188, 107, 264, 44, 164, 263, 118, 144, 299, 312, 
A24, 23, 173, 65, 208, 134, 72, 156, 178, 86, 208, 174, 104, 210, 76, 133, 103, 152, 133, 58, 191, 135, 239, 221, 136, 90, 145, 142, 69, 94, 151, 83, 188, 155, 239, 174, 161, 228, 185, 164, 233, 206, 163, 127, 199, 168, 281, 218, 166, 98, 159, 196, 0, 176, 196, 190, 206, 203, 150, 133, 211, 28, 154, 218, 200, 171, 232, 352, 156, 264, 191, 
A25, 43, 71, 13, 172, 232, 19, 218, 172, 26, 215, 128, 36, 200, 188, 89, 218, 97, 103, 14, 118, 108, 194, 192, 106, 49, 86, 109, 174, 189, 134, 229, 38, 137, 138, 146, 150, 52, 92, 151, 163, 206, 157, 53, 242, 165, 58, 37, 185, 104, 99, 189, 68, 67, 197, 87, 201, 197, 68, 173, 204, 79, 14, 208, 111, 128, 208, 107, 114, 219, 236, 243, 217, 62, 139, 221, 103, 18, 224, 84, 154, 225, 93, 86, 227, 32, 113, 227, 228, 107, 229, 222, 71, 233, 52, 221, 238, 87, 50, 241, 68, 64, 249, 49, 240, 247, 73, 161, 254, 108, 175, 263, 101, 112, 272, 194, 76, 284, 232, 69, 291, 27, 126, 292, 163, 86, 313, 207, 124, 325, 338, 
A26, 38, 123, 13, 7, 149, 13, 183, 61, 34, 148, 89, 56, 346, 141, 58, 188, 22, 65, 316, 103, 67, 6, 153, 74, 37, 10, 84, 110, 155, 101, 49, 110, 106, 38, 185, 110, 58, 53, 116, 298, 151, 120, 62, 176, 122, 232, 106, 125, 117, 123, 130, 70, 22, 138, 281, 68, 150, 293, 192, 148, 73, 175, 185, 264, 164, 190, 90, 8, 194, 76, 39, 194, 276, 188, 196, 84, 49, 201, 297, 211, 206, 76, 206, 245, 98, 67, 249, 332, 128, 259, 305, 144, 278, 316, 189, 289, 328, 246, 293, 194, 160, 299, 329, 118, 306, 352, 87, 307, 1, 153, 338, 346, 111, 346, 8, 
A27, 30, 63, 58, 139, 91, 67, 149, 112, 70, 354, 43, 76, 318, 194, 76, 38, 176, 80, 203, 31, 90, 120, 51, 98, 316, 171, 110, 42, 47, 113, 117, 25, 129, 290, 167, 150, 63, 26, 155, 276, 128, 164, 114, 147, 168, 66, 132, 169, 73, 205, 173, 68, 143, 183, 90, 196, 181, 76, 181, 202, 90, 80, 211, 76, 92, 213, 70, 60, 215, 267, 71, 219, 79, 43, 234, 79, 99, 232, 250, 121, 246, 1, 182, 247, 101, 150, 259, 145, 129, 278, 194, 
A28, 30, 141, 63, 21, 47, 68, 153, 84, 67, 166, 190, 70, 207, 67, 83, 346, 105, 84, 177, 164, 91, 200, 135, 132, 187, 215, 149, 42, 179, 161, 203, 72, 167, 333, 81, 170, 134, 58, 174, 128, 226, 175, 222, 112, 187, 148, 196, 201, 42, 49, 211, 301, 73, 221, 114, 141, 224, 143, 140, 237, 3, 140, 239, 98, 213, 238, 56, 223, 239, 232, 189, 252, 68, 81, 254, 90, 38, 258, 98, 179, 258, 80, 124, 259, 69, 116, 280, 59, 162, 285, 188, 
A29, 36, 148, 69, 166, 117, 72, 169, 136, 76, 349, 85, 86, 343, 194, 93, 188, 108, 98, 166, 80, 108, 343, 108, 120, 160, 162, 135, 172, 218, 138, 194, 113, 154, 332, 223, 154, 194, 115, 160, 152, 147, 160, 346, 170, 163, 172, 183, 177, 172, 96, 178, 328, 35, 185, 115, 128, 187, 139, 32, 201, 298, 143, 200, 127, 174, 204, 136, 134, 243, 108, 165, 243, 66, 175, 245, 52, 194, 244, 38, 145, 251, 87, 116, 263, 101, 177, 263, 240, 117, 273, 281, 143, 284, 319, 108, 291, 297, 124, 292, 305, 203, 292, 204, 140, 298, 350, 186, 298, 197, 
A30, 44, 85, 53, 163, 123, 68, 179, 168, 72, 246, 35, 76, 323, 108, 79, 159, 116, 95, 156, 179, 97, 84, 121, 111, 139, 177, 110, 105, 88, 117, 132, 142, 118, 115, 115, 121, 128, 146, 128, 290, 151, 132, 124, 175, 131, 108, 112, 136, 107, 136, 138, 287, 202, 138, 79, 127, 150, 281, 127, 160, 307, 142, 161, 122, 179, 170, 104, 123, 173, 287, 137, 180, 297, 53, 182, 96, 144, 187, 128, 120, 203, 235, 83, 206, 62, 98, 206, 35, 123, 217, 315, 191, 217, 110, 113, 221, 225, 140, 234, 149, 159, 232, 132, 89, 250, 225, 137, 260, 315, 112, 264, 177, 44, 279, 226, 65, 285, 217, 137, 283, 153, 143, 296, 322, 165, 295, 318, 187, 315, 326, 102, 328, 354, 
A31, 22, 107, 48, 148, 160, 51, 11, 181, 58, 191, 141, 64, 0, 79, 72, 322, 165, 71, 177, 148, 102, 359, 177, 132, 186, 132, 137, 352, 78, 147, 323, 175, 154, 177, 95, 168, 127, 166, 166, 8, 196, 181, 200, 86, 188, 305, 95, 200, 322, 107, 223, 323, 142, 248, 152, 214, 247, 222, 120, 252, 336, 172, 250, 180, 123, 264, 124, 
A32, 34, 158, 44, 18, 136, 67, 10, 79, 72, 152, 110, 70, 0, 192, 74, 211, 81, 83, 338, 131, 85, 184, 146, 85, 23, 127, 95, 18, 87, 101, 343, 170, 103, 208, 58, 128, 135, 86, 150, 335, 151, 149, 37, 111, 155, 15, 27, 166, 311, 103, 199, 1, 30, 213, 114, 145, 216, 65, 111, 220, 70, 107, 229, 97, 126, 236, 79, 84, 243, 304, 105, 241, 107, 91, 245, 113, 111, 251, 98, 157, 262, 72, 179, 262, 66, 138, 266, 93, 49, 271, 290, 209, 283, 243, 62, 289, 295, 151, 289, 76, 144, 297, 94, 
A33, 22, 95, 71, 345, 53, 74, 333, 119, 74, 6, 112, 114, 169, 105, 120, 354, 57, 140, 338, 23, 158, 142, 107, 171, 23, 152, 175, 44, 113, 182, 188, 191, 189, 55, 107, 195, 28, 187, 222, 59, 198, 231, 235, 19, 238, 308, 110, 242, 203, 171, 250, 242, 144, 261, 73, 154, 266, 65, 91, 271, 113, 129, 294, 104, 82, 342, 328, 
A34, 26, 69, 64, 150, 76, 65, 330, 86, 73, 343, 117, 74, 346, 113, 87, 166, 157, 85, 6, 41, 92, 328, 111, 98, 347, 51, 112, 142, 160, 119, 14, 68, 122, 332, 196, 127, 203, 151, 136, 180, 102, 159, 349, 183, 159, 20, 45, 173, 325, 68, 180, 141, 181, 190, 24, 158, 197, 190, 94, 227, 338, 182, 227, 200, 161, 243, 18, 91, 249, 345, 138, 280, 23, 133, 289, 180, 108, 294, 354, 
A35, 42, 191, 38, 200, 99, 48, 332, 131, 53, 156, 228, 54, 212, 67, 70, 149, 54, 73, 326, 83, 89, 332, 156, 92, 3, 139, 95, 160, 189, 95, 197, 128, 106, 155, 57, 116, 139, 97, 122, 136, 125, 138, 340, 49, 161, 127, 154, 162, 172, 115, 172, 323, 99, 176, 120, 140, 178, 3, 149, 182, 152, 222, 182, 65, 153, 195, 52, 58, 209, 121, 226, 214, 243, 179, 226, 62, 64, 230, 98, 75, 229, 68, 215, 229, 66, 215, 248, 246, 61, 250, 335, 84, 250, 245, 42, 254, 305, 136, 255, 233, 93, 256, 243, 207, 264, 242, 194, 265, 235, 175, 279, 226, 156, 283, 218, 130, 288, 210, 87, 299, 10, 104, 302, 190, 157, 318, 204, 
A36, 34, 131, 11, 352, 84, 14, 340, 124, 35, 160, 162, 38, 170, 112, 45, 346, 147, 43, 342, 62, 53, 142, 31, 63, 319, 54, 74, 321, 24, 77, 134, 119, 96, 354, 132, 109, 8, 137, 115, 188, 16, 120, 307, 140, 127, 17, 59, 132, 326, 201, 139, 37, 87, 147, 340, 182, 153, 45, 109, 155, 8, 140, 158, 37, 137, 183, 56, 101, 184, 20, 48, 189, 305, 204, 195, 58, 88, 197, 118, 101, 198, 98, 107, 204, 90, 158, 209, 76, 192, 215, 68, 56, 245, 297, 164, 249, 98, 40, 267, 128, 145, 323, 294, 
A37, 36, 38, 51, 338, 102, 53, 35, 201, 63, 37, 58, 69, 0, 74, 69, 42, 36, 76, 107, 68, 79, 96, 90, 84, 68, 161, 82, 55, 60, 85, 152, 185, 90, 49, 127, 92, 63, 114, 94, 66, 73, 98, 131, 80, 101, 104, 148, 105, 66, 105, 106, 87, 172, 123, 66, 143, 129, 250, 90, 134, 134, 102, 151, 121, 188, 151, 76, 36, 157, 158, 154, 161, 110, 77, 163, 145, 200, 171, 73, 133, 177, 127, 205, 188, 195, 134, 201, 302, 176, 204, 307, 154, 232, 316, 118, 238, 322, 136, 242, 148, 105, 260, 332, 141, 276, 329, 167, 292, 340, 
A38, 33, 114, 44, 172, 141, 44, 11, 121, 56, 172, 89, 65, 347, 68, 73, 338, 169, 82, 195, 102, 85, 155, 83, 93, 339, 109, 99, 356, 138, 111, 173, 53, 119, 142, 42, 140, 321, 104, 140, 145, 194, 144, 37, 114, 150, 346, 151, 161, 183, 101, 178, 332, 43, 182, 312, 139, 188, 27, 131, 197, 27, 88, 201, 131, 112, 201, 333, 124, 211, 32, 121, 224, 118, 185, 246, 73, 137, 258, 113, 184, 261, 253, 50, 264, 307, 129, 262, 129, 143, 269, 84, 157, 275, 250, 158, 291, 194, 120, 300, 335, 
A39, 33, 100, 44, 163, 191, 70, 21, 65, 92, 134, 52, 96, 325, 176, 94, 201, 206, 106, 27, 57, 115, 311, 105, 116, 340, 71, 143, 304, 82, 149, 120, 159, 149, 37, 184, 148, 215, 118, 174, 343, 160, 189, 51, 123, 192, 98, 129, 195, 55, 198, 197, 58, 172, 204, 231, 126, 209, 49, 200, 208, 242, 179, 215, 222, 158, 219, 217, 137, 222, 229, 229, 220, 217, 62, 230, 290, 107, 229, 287, 121, 229, 3, 188, 229, 204, 74, 232, 293, 198, 252, 194, 99, 253, 311, 188, 253, 191, 126, 289, 352, 
A40, 27, 78, 54, 205, 166, 64, 17, 77, 69, 194, 38, 75, 211, 149, 81, 197, 80, 85, 6, 97, 101, 14, 87, 106, 193, 47, 113, 8, 140, 112, 194, 37, 126, 158, 58, 131, 174, 167, 154, 197, 164, 162, 15, 213, 172, 197, 161, 178, 197, 44, 198, 343, 154, 197, 191, 204, 196, 25, 77, 205, 172, 76, 213, 350, 204, 225, 200, 65, 230, 149, 157, 232, 20, 137, 239, 183, 51, 246, 328, 177, 246, 200, 
A41, 37, 90, 49, 352, 114, 67, 173, 198, 69, 191, 80, 71, 353, 106, 88, 169, 126, 104, 162, 145, 101, 0, 153, 111, 180, 108, 112, 336, 210, 119, 200, 106, 130, 158, 135, 135, 352, 210, 134, 197, 155, 141, 180, 82, 147, 333, 167, 156, 177, 113, 160, 148, 123, 180, 128, 154, 183, 143, 110, 217, 114, 139, 222, 68, 169, 225, 39, 119, 226, 93, 150, 226, 55, 90, 237, 115, 173, 238, 28, 149, 241, 248, 94, 246, 293, 117, 253, 276, 183, 258, 212, 79, 264, 298, 95, 266, 308, 169, 272, 210, 110, 274, 353, 157, 277, 200, 48, 282, 318, 93, 293, 354, 
A42, 32, 163, 80, 172, 71, 87, 142, 215, 95, 24, 76, 98, 323, 152, 102, 354, 180, 117, 11, 88, 134, 319, 133, 139, 352, 165, 144, 20, 102, 147, 131, 149, 155, 20, 142, 162, 24, 56, 164, 122, 218, 168, 66, 203, 180, 73, 92, 182, 308, 161, 188, 101, 230, 190, 250, 74, 195, 301, 91, 196, 316, 184, 202, 105, 31, 226, 314, 53, 226, 311, 63, 230, 321, 122, 232, 148, 171, 238, 293, 82, 245, 326, 207, 249, 117, 221, 258, 287, 79, 265, 336, 165, 287, 139, 189, 298, 307, 
A43, 29, 56, 57, 141, 72, 62, 138, 193, 82, 44, 132, 97, 174, 89, 115, 113, 115, 117, 117, 64, 129, 114, 125, 128, 37, 120, 130, 90, 96, 135, 100, 160, 154, 228, 71, 162, 98, 187, 168, 226, 203, 166, 238, 90, 174, 86, 56, 187, 96, 202, 189, 203, 164, 194, 212, 197, 209, 184, 73, 220, 60, 67, 236, 80, 104, 239, 218, 148, 239, 193, 67, 248, 8, 54, 252, 309, 170, 256, 177, 118, 262, 191, 152, 276, 179, 91, 281, 187, 
A44, 27, 181, 68, 42, 106, 75, 152, 222, 75, 228, 219, 91, 232, 82, 100, 328, 201, 107, 232, 130, 110, 17, 97, 117, 134, 194, 120, 59, 151, 126, 53, 74, 138, 301, 179, 150, 76, 185, 174, 256, 181, 182, 90, 198, 188, 82, 23, 190, 281, 209, 190, 259, 53, 198, 103, 155, 208, 107, 70, 223, 84, 193, 227, 90, 115, 251, 143, 124, 266, 128, 81, 278, 25, 174, 277, 103, 135, 285, 114, 95, 292, 207, 
A45, 41, 106, 22, 352, 221, 27, 58, 122, 32, 166, 89, 44, 332, 189, 54, 226, 156, 54, 48, 158, 65, 215, 77, 83, 114, 93, 89, 110, 148, 90, 194, 214, 89, 242, 43, 107, 110, 178, 106, 233, 105, 109, 104, 21, 136, 104, 146, 137, 66, 141, 146, 76, 183, 147, 243, 39, 155, 97, 15, 160, 287, 123, 164, 84, 21, 170, 101, 209, 207, 253, 32, 209, 93, 157, 216, 238, 112, 223, 77, 151, 225, 257, 198, 239, 235, 77, 243, 262, 110, 267, 68, 45, 270, 82, 91, 269, 70, 13, 275, 87, 168, 274, 53, 48, 290, 262, 124, 292, 245, 33, 300, 248, 105, 307, 248, 67, 320, 243, 48, 323, 235, 100, 332, 228, 
A46, 22, 118, 58, 179, 94, 62, 357, 102, 82, 172, 149, 90, 188, 186, 99, 203, 166, 106, 20, 202, 122, 207, 152, 127, 17, 148, 140, 188, 195, 139, 205, 169, 160, 191, 151, 192, 17, 107, 200, 160, 88, 207, 340, 151, 211, 193, 110, 233, 346, 71, 239, 136, 184, 247, 208, 90, 256, 336, 73, 278, 322, 80, 279, 129, 91, 291, 321, 
A47, 32, 90, 64, 333, 130, 64, 162, 86, 113, 325, 95, 112, 132, 206, 113, 200, 67, 121, 132, 87, 134, 312, 135, 135, 340, 101, 161, 305, 112, 167, 120, 215, 168, 215, 189, 169, 37, 71, 180, 125, 139, 184, 330, 152, 210, 98, 190, 208, 53, 201, 223, 232, 155, 229, 48, 227, 231, 233, 209, 235, 221, 187, 239, 218, 167, 242, 228, 91, 245, 290, 102, 249, 294, 135, 249, 287, 149, 248, 0, 217, 250, 205, 161, 262, 150, 147, 270, 342, 127, 271, 312, 216, 273, 193, 170, 298, 6, 
A48, 49, 143, 9, 212, 191, 26, 44, 128, 30, 31, 92, 38, 180, 133, 44, 201, 113, 47, 17, 85, 54, 166, 147, 64, 204, 130, 73, 31, 222, 80, 225, 121, 94, 195, 105, 108, 21, 147, 107, 48, 106, 120, 183, 181, 121, 229, 76, 142, 330, 169, 147, 59, 64, 148, 110, 105, 150, 158, 124, 151, 211, 156, 161, 65, 106, 170, 84, 93, 180, 79, 56, 189, 84, 159, 201, 93, 213, 208, 66, 91, 216, 58, 126, 213, 228, 129, 223, 309, 92, 232, 240, 189, 234, 98, 175, 238, 121, 62, 241, 58, 213, 245, 70, 109, 249, 24, 201, 247, 114, 193, 265, 294, 219, 262, 210, 204, 265, 315, 175, 275, 316, 153, 279, 336, 186, 275, 330, 197, 291, 163, 104, 305, 211, 168, 305, 354, 76, 307, 211, 172, 311, 186, 174, 335, 177, 134, 339, 183, 
A49, 32, 177, 11, 23, 80, 32, 329, 79, 51, 333, 166, 50, 186, 85, 54, 148, 133, 58, 353, 209, 83, 44, 190, 88, 208, 94, 103, 329, 133, 114, 359, 176, 117, 208, 207, 123, 56, 132, 133, 155, 84, 144, 114, 113, 143, 329, 120, 152, 121, 155, 164, 76, 127, 179, 82, 141, 186, 68, 164, 192, 250, 46, 193, 93, 231, 196, 87, 116, 201, 76, 215, 200, 101, 184, 203, 253, 185, 220, 228, 67, 251, 250, 218, 259, 186, 217, 271, 177, 156, 280, 212, 76, 293, 224, 159, 301, 194, 
A50, 27, 102, 89, 156, 143, 115, 11, 97, 121, 142, 167, 145, 38, 114, 148, 136, 77, 162, 121, 37, 172, 307, 87, 175, 113, 41, 185, 301, 56, 191, 110, 131, 188, 97, 149, 194, 58, 41, 198, 297, 90, 198, 93, 137, 198, 82, 158, 201, 231, 172, 202, 76, 38, 211, 284, 71, 226, 96, 172, 234, 267, 196, 237, 269, 84, 242, 75, 182, 241, 83, 57, 246, 276, 97, 254, 253, 157, 256, 278, 120, 279, 280, 
A51, 26, 111, 46, 179, 202, 98, 236, 108, 104, 152, 49, 104, 308, 109, 121, 353, 93, 136, 121, 187, 155, 70, 119, 183, 96, 123, 192, 84, 148, 209, 260, 178, 209, 90, 54, 217, 91, 188, 230, 84, 124, 233, 263, 195, 246, 259, 145, 250, 108, 81, 253, 82, 132, 257, 278, 161, 260, 101, 57, 269, 270, 140, 272, 284, 172, 278, 98, 105, 288, 62, 124, 288, 260, 151, 291, 103, 133, 296, 285, 
A52, 25, 174, 55, 84, 108, 68, 300, 120, 74, 142, 151, 78, 107, 188, 80, 93, 76, 106, 23, 100, 110, 194, 119, 110, 148, 149, 124, 297, 68, 134, 28, 89, 144, 203, 192, 145, 113, 46, 150, 38, 203, 149, 107, 132, 154, 145, 90, 158, 349, 166, 192, 305, 109, 200, 180, 172, 203, 311, 135, 215, 338, 196, 220, 315, 218, 226, 312, 172, 232, 336, 116, 254, 354, 176, 256, 349, 
A53, 30, 111, 10, 180, 106, 36, 6, 33, 53, 145, 39, 83, 142, 95, 86, 156, 17, 99, 316, 9, 118, 117, 108, 119, 141, 159, 124, 229, 70, 129, 107, 95, 141, 82, 10, 146, 104, 174, 153, 82, 22, 157, 98, 194, 157, 68, 159, 197, 339, 194, 197, 250, 104, 201, 233, 169, 218, 176, 25, 225, 41, 150, 223, 346, 44, 240, 226, 165, 239, 180, 138, 253, 6, 154, 272, 177, 123, 279, 186, 147, 279, 357, 155, 286, 180, 71, 290, 200, 82, 317, 180, 
A54, 32, 90, 56, 314, 169, 70, 343, 135, 109, 326, 97, 112, 131, 198, 140, 8, 79, 144, 308, 139, 152, 136, 159, 154, 343, 202, 174, 38, 154, 176, 342, 59, 187, 114, 191, 192, 63, 208, 200, 72, 157, 204, 113, 178, 218, 117, 58, 223, 290, 37, 231, 98, 164, 233, 290, 118, 237, 79, 158, 238, 276, 106, 242, 84, 155, 249, 221, 23, 254, 273, 65, 256, 80, 171, 258, 152, 54, 259, 86, 191, 261, 120, 213, 260, 104, 135, 267, 224, 167, 279, 153, 37, 280, 270, 143, 280, 179, 
A55, 44, 107, 22, 332, 187, 33, 174, 151, 39, 346, 91, 45, 136, 111, 48, 136, 118, 60, 332, 93, 65, 316, 128, 80, 338, 139, 81, 152, 163, 93, 148, 89, 115, 125, 85, 131, 307, 159, 131, 338, 185, 130, 166, 158, 151, 131, 204, 160, 169, 79, 173, 117, 217, 174, 174, 143, 179, 118, 58, 189, 113, 182, 189, 122, 149, 191, 305, 222, 194, 169, 155, 198, 117, 161, 209, 107, 51, 211, 294, 193, 215, 101, 212, 216, 96, 224, 220, 79, 230, 228, 48, 106, 230, 107, 171, 241, 90, 49, 249, 287, 160, 255, 90, 101, 277, 90, 210, 278, 55, 232, 287, 38, 56, 289, 98, 214, 305, 58, 158, 318, 253, 63, 333, 73, 199, 331, 58, 182, 343, 243, 128, 349, 242, 
A56, 39, 188, 15, 204, 192, 47, 44, 157, 65, 31, 219, 66, 229, 82, 77, 311, 165, 87, 51, 118, 91, 343, 86, 99, 316, 185, 103, 231, 141, 106, 55, 112, 122, 37, 135, 121, 65, 160, 131, 70, 189, 132, 65, 205, 134, 240, 22, 154, 118, 140, 153, 89, 115, 157, 104, 72, 184, 294, 152, 191, 100, 158, 203, 93, 70, 211, 304, 165, 221, 82, 94, 223, 121, 82, 243, 309, 103, 241, 316, 163, 245, 318, 175, 246, 219, 37, 249, 333, 200, 253, 222, 88, 260, 332, 125, 261, 326, 182, 265, 193, 96, 277, 340, 126, 277, 346, 80, 284, 352, 60, 286, 354, 111, 303, 357, 152, 338, 0, 
A57, 39, 66, 44, 350, 21, 57, 335, 57, 102, 340, 100, 104, 27, 123, 111, 208, 154, 113, 228, 192, 118, 229, 44, 146, 326, 89, 150, 32, 150, 158, 63, 82, 160, 38, 75, 177, 46, 45, 178, 340, 154, 184, 242, 141, 187, 70, 182, 195, 49, 190, 196, 233, 90, 204, 73, 41, 205, 353, 143, 206, 250, 115, 212, 73, 49, 238, 111, 109, 241, 84, 45, 245, 113, 129, 253, 79, 139, 253, 70, 53, 270, 121, 120, 285, 108, 14, 288, 309, 133, 291, 76, 113, 299, 297, 127, 299, 103, 183, 305, 221, 26, 314, 318, 126, 324, 312, 157, 322, 221, 94, 334, 305, 174, 337, 197, 63, 343, 321, 
A58, 25, 171, 19, 186, 15, 30, 319, 99, 28, 357, 160, 47, 187, 190, 47, 17, 134, 63, 0, 19, 68, 135, 162, 80, 32, 151, 89, 191, 142, 106, 183, 231, 115, 238, 89, 121, 333, 25, 126, 305, 51, 129, 315, 233, 157, 242, 223, 167, 231, 167, 181, 215, 21, 185, 312, 43, 186, 315, 212, 193, 217, 30, 214, 332, 174, 215, 219, 169, 230, 214, 149, 247, 198, 210, 268, 31, 
A59, 39, 166, 9, 357, 91, 39, 321, 165, 42, 174, 151, 100, 356, 66, 109, 305, 215, 113, 197, 140, 127, 340, 210, 130, 28, 138, 140, 352, 86, 143, 302, 161, 152, 30, 212, 159, 38, 126, 174, 338, 60, 180, 117, 193, 180, 56, 156, 183, 59, 173, 185, 60, 116, 188, 325, 69, 191, 291, 116, 201, 338, 132, 200, 110, 124, 203, 131, 139, 205, 101, 180, 216, 82, 212, 216, 55, 82, 229, 293, 153, 240, 124, 205, 238, 63, 90, 250, 309, 208, 258, 101, 77, 274, 322, 95, 285, 333, 173, 297, 315, 96, 303, 349, 127, 313, 343, 162, 325, 333, 183, 331, 343, 165, 336, 345, 110, 337, 3, 
A60, 31, 106, 52, 329, 97, 86, 132, 152, 95, 349, 190, 117, 186, 191, 129, 28, 172, 148, 17, 106, 155, 110, 198, 159, 208, 161, 164, 354, 193, 168, 203, 80, 169, 101, 165, 176, 113, 113, 180, 284, 191, 182, 212, 82, 185, 278, 221, 186, 68, 168, 190, 90, 168, 206, 270, 157, 211, 273, 222, 221, 90, 137, 221, 79, 229, 223, 257, 197, 226, 239, 127, 233, 79, 152, 233, 68, 166, 237, 53, 179, 235, 37, 77, 250, 82, 103, 270, 70, 191, 271, 222, 177, 285, 228, 
A61, 39, 155, 45, 10, 181, 44, 24, 194, 44, 28, 82, 49, 160, 192, 57, 211, 182, 62, 28, 89, 85, 352, 63, 90, 329, 112, 98, 4, 105, 128, 10, 122, 131, 181, 76, 149, 128, 151, 149, 45, 193, 148, 229, 95, 158, 135, 144, 165, 203, 170, 167, 231, 198, 175, 60, 102, 190, 115, 184, 198, 68, 105, 207, 93, 65, 215, 110, 52, 219, 108, 56, 226, 293, 187, 230, 82, 75, 232, 98, 169, 232, 93, 148, 238, 224, 216, 242, 76, 107, 249, 56, 97, 250, 69, 120, 251, 45, 164, 261, 158, 192, 263, 270, 199, 264, 110, 131, 269, 229, 56, 272, 101, 98, 272, 62, 208, 286, 284, 
A62, 42, 178, 12, 194, 135, 34, 188, 101, 39, 6, 156, 45, 21, 72, 60, 8, 117, 67, 188, 125, 81, 24, 188, 85, 203, 167, 88, 24, 34, 98, 354, 124, 119, 28, 43, 123, 14, 106, 122, 37, 59, 154, 31, 122, 163, 218, 111, 166, 49, 69, 174, 52, 47, 188, 51, 174, 213, 45, 15, 214, 125, 188, 218, 231, 111, 220, 76, 129, 231, 73, 176, 239, 66, 88, 242, 117, 198, 255, 70, 37, 263, 136, 57, 263, 131, 163, 267, 76, 183, 266, 250, 106, 270, 118, 91, 272, 125, 207, 279, 250, 129, 281, 113, 143, 281, 93, 80, 288, 305, 109, 292, 128, 57, 299, 145, 77, 308, 314, 155, 313, 104, 168, 314, 62, 164, 328, 86, 
A63, 44, 78, 13, 139, 129, 23, 148, 155, 27, 160, 124, 32, 332, 206, 51, 211, 164, 52, 153, 234, 72, 232, 164, 83, 138, 219, 83, 59, 242, 88, 63, 113, 101, 122, 66, 119, 114, 36, 140, 135, 194, 143, 94, 217, 148, 93, 86, 159, 98, 112, 164, 87, 143, 167, 66, 171, 168, 281, 160, 171, 255, 49, 174, 107, 126, 180, 70, 180, 184, 125, 24, 192, 113, 212, 192, 107, 105, 194, 72, 195, 201, 113, 62, 205, 76, 97, 205, 75, 188, 218, 128, 195, 222, 290, 55, 232, 52, 76, 237, 239, 110, 236, 239, 97, 238, 239, 72, 253, 232, 133, 259, 6, 153, 261, 174, 90, 266, 217, 133, 271, 194, 45, 275, 218, 74, 294, 200, 194, 303, 333, 165, 306, 346, 
A64, 33, 160, 51, 186, 86, 55, 329, 89, 64, 139, 184, 79, 24, 163, 84, 186, 92, 86, 332, 143, 100, 3, 92, 137, 131, 112, 139, 333, 194, 146, 45, 101, 161, 323, 157, 160, 41, 60, 165, 115, 96, 172, 118, 210, 172, 226, 192, 177, 53, 144, 194, 48, 155, 195, 208, 130, 199, 124, 130, 209, 101, 136, 210, 77, 91, 211, 293, 68, 215, 285, 142, 220, 77, 120, 225, 96, 191, 239, 84, 212, 240, 79, 69, 258, 278, 134, 262, 86, 148, 268, 267, 63, 289, 267, 146, 295, 285, 156, 298, 304, 
A65, 17, 142, 70, 211, 131, 84, 204, 78, 112, 186, 175, 137, 214, 109, 141, 193, 46, 147, 166, 55, 154, 357, 61, 171, 172, 193, 185, 221, 129, 203, 207, 40, 208, 349, 63, 219, 172, 151, 228, 42, 64, 231, 0, 94, 233, 188, 186, 256, 225, 134, 291, 55, 
A66, 50, 208, 19, 207, 140, 23, 183, 63, 35, 349, 91, 41, 166, 41, 62, 332, 218, 61, 27, 234, 64, 208, 82, 73, 349, 137, 90, 183, 76, 102, 332, 147, 107, 183, 72, 114, 149, 127, 135, 150, 166, 135, 193, 237, 135, 51, 84, 155, 135, 171, 161, 193, 134, 165, 138, 42, 170, 125, 150, 171, 136, 212, 178, 69, 77, 182, 118, 154, 185, 91, 95, 189, 107, 140, 187, 98, 162, 187, 34, 234, 200, 76, 62, 216, 108, 124, 220, 63, 165, 224, 14, 213, 226, 129, 92, 230, 79, 80, 235, 87, 165, 238, 18, 182, 241, 190, 188, 247, 330, 59, 261, 114, 81, 259, 62, 216, 261, 152, 237, 260, 135, 100, 273, 238, 60, 278, 121, 71, 277, 68, 179, 283, 0, 154, 295, 20, 181, 297, 197, 201, 297, 340, 87, 311, 208, 156, 330, 198, 172, 340, 11, 
A67, 32, 131, 47, 63, 91, 51, 352, 57, 55, 309, 75, 76, 321, 155, 77, 76, 54, 82, 113, 98, 93, 82, 152, 98, 82, 125, 101, 260, 138, 110, 93, 73, 138, 113, 132, 136, 113, 147, 150, 96, 50, 152, 293, 172, 155, 260, 121, 157, 293, 149, 174, 59, 56, 175, 298, 158, 189, 248, 196, 196, 242, 72, 203, 301, 170, 202, 239, 109, 207, 308, 126, 213, 338, 190, 223, 233, 79, 235, 314, 127, 238, 3, 165, 243, 205, 179, 246, 222, 98, 251, 321, 136, 250, 174, 101, 263, 338, 
A68, 28, 127, 45, 13, 83, 55, 166, 191, 58, 222, 214, 64, 41, 36, 78, 329, 150, 90, 211, 155, 90, 48, 44, 97, 134, 138, 102, 44, 101, 109, 17, 72, 130, 340, 122, 130, 58, 167, 132, 63, 29, 148, 298, 185, 152, 245, 224, 155, 259, 90, 169, 128, 27, 183, 278, 84, 186, 110, 172, 191, 83, 57, 209, 294, 178, 212, 83, 47, 215, 287, 55, 238, 297, 56, 250, 290, 113, 252, 121, 164, 252, 103, 77, 259, 301, 
A69, 21, 112, 64, 20, 79, 98, 180, 137, 128, 38, 128, 145, 46, 45, 165, 332, 75, 167, 17, 132, 173, 224, 51, 190, 346, 81, 195, 56, 116, 205, 68, 129, 208, 66, 60, 219, 139, 68, 225, 111, 113, 225, 79, 44, 229, 328, 68, 237, 118, 103, 238, 87, 39, 244, 290, 70, 260, 128, 80, 279, 121, 95, 290, 114, 
A70, 19, 51, 63, 322, 62, 81, 138, 174, 84, 14, 80, 89, 326, 164, 100, 180, 39, 120, 315, 112, 123, 346, 37, 130, 132, 60, 139, 322, 81, 146, 136, 170, 161, 193, 107, 190, 336, 173, 207, 20, 108, 216, 343, 69, 234, 312, 151, 243, 27, 146, 254, 177, 123, 258, 356, 159, 267, 39, 
A71, 30, 136, 47, 4, 112, 54, 169, 144, 67, 191, 56, 75, 316, 69, 78, 333, 72, 102, 336, 140, 108, 18, 222, 108, 228, 209, 115, 52, 160, 131, 203, 88, 133, 136, 116, 133, 143, 104, 165, 321, 221, 166, 72, 161, 173, 217, 73, 182, 111, 127, 185, 114, 105, 200, 98, 190, 203, 250, 71, 225, 98, 173, 233, 253, 139, 244, 58, 166, 246, 248, 173, 254, 284, 130, 257, 66, 213, 257, 105, 156, 261, 13, 166, 259, 235, 150, 269, 239, 132, 288, 44, 
A72, 40, 142, 18, 8, 207, 24, 49, 202, 40, 212, 168, 62, 193, 163, 86, 179, 172, 105, 188, 123, 106, 118, 74, 115, 293, 221, 129, 73, 60, 132, 103, 165, 135, 38, 82, 144, 110, 164, 143, 62, 158, 146, 80, 182, 148, 226, 139, 155, 84, 190, 154, 256, 73, 157, 290, 182, 170, 231, 222, 171, 101, 187, 174, 278, 131, 175, 262, 162, 192, 30, 86, 203, 76, 246, 215, 110, 140, 219, 44, 215, 229, 153, 239, 239, 294, 105, 243, 240, 174, 245, 6, 181, 273, 197, 227, 272, 328, 96, 279, 221, 212, 287, 339, 130, 290, 207, 171, 286, 197, 146, 292, 208, 118, 300, 200, 107, 325, 188, 207, 325, 166, 
A73, 55, 93, 8, 354, 195, 41, 41, 53, 44, 322, 97, 49, 354, 197, 50, 218, 199, 81, 45, 105, 83, 8, 135, 91, 201, 116, 98, 180, 52, 102, 117, 190, 103, 55, 240, 111, 58, 75, 119, 104, 125, 120, 46, 230, 124, 60, 109, 129, 97, 115, 133, 68, 172, 141, 79, 152, 153, 246, 199, 154, 76, 77, 161, 76, 160, 161, 259, 222, 161, 70, 54, 173, 84, 167, 181, 208, 199, 181, 90, 141, 185, 221, 175, 185, 273, 105, 188, 53, 215, 188, 76, 124, 190, 31, 17, 196, 270, 193, 200, 270, 210, 210, 262, 30, 215, 70, 158, 220, 17, 227, 215, 250, 201, 217, 188, 218, 218, 222, 73, 229, 49, 228, 231, 191, 65, 236, 59, 55, 239, 246, 139, 238, 28, 244, 252, 194, 13, 262, 243, 94, 262, 226, 232, 264, 183, 150, 278, 23, 72, 281, 41, 26, 307, 224, 80, 308, 221, 45, 322, 218, 155, 322, 194, 88, 329, 211, 
A74, 14, 135, 56, 11, 169, 79, 208, 166, 94, 53, 91, 109, 338, 131, 120, 44, 202, 124, 73, 152, 137, 226, 66, 139, 305, 114, 158, 105, 145, 178, 98, 139, 252, 118, 180, 258, 290, 131, 274, 294, 105, 281, 311, 
A75, 41, 172, 83, 215, 136, 87, 204, 158, 85, 37, 46, 95, 134, 78, 100, 143, 100, 101, 169, 103, 114, 159, 217, 124, 58, 90, 146, 103, 116, 145, 44, 99, 155, 75, 117, 155, 55, 161, 164, 246, 217, 167, 76, 144, 171, 235, 196, 172, 264, 82, 185, 68, 143, 191, 242, 143, 198, 233, 213, 201, 87, 183, 202, 110, 157, 206, 278, 202, 206, 96, 35, 209, 73, 66, 208, 66, 149, 210, 245, 124, 213, 38, 169, 222, 290, 106, 225, 52, 189, 223, 117, 145, 237, 329, 215, 237, 277, 23, 240, 76, 150, 247, 203, 83, 257, 55, 121, 263, 229, 136, 263, 6, 69, 270, 242, 198, 273, 302, 220, 271, 135, 125, 307, 207, 
A76, 45, 115, 14, 174, 205, 35, 31, 230, 39, 208, 112, 43, 153, 89, 50, 149, 191, 83, 70, 216, 83, 69, 60, 87, 121, 131, 86, 115, 182, 93, 225, 106, 96, 101, 139, 98, 49, 66, 102, 103, 188, 105, 136, 197, 108, 260, 209, 108, 96, 28, 118, 90, 45, 120, 287, 149, 123, 20, 132, 127, 35, 238, 130, 98, 134, 144, 31, 108, 146, 42, 185, 147, 184, 166, 168, 7, 64, 169, 245, 182, 170, 187, 123, 172, 34, 160, 186, 14, 207, 189, 177, 103, 191, 38, 162, 196, 208, 178, 203, 0, 200, 202, 177, 220, 229, 166, 131, 241, 204, 90, 249, 215, 64, 250, 214, 37, 260, 210, 98, 266, 200, 228, 270, 345, 64, 278, 193, 116, 281, 180, 80, 304, 177, 121, 309, 169, 
A77, 25, 95, 70, 186, 118, 71, 15, 200, 79, 69, 180, 86, 235, 169, 88, 231, 136, 95, 194, 206, 95, 239, 114, 135, 191, 35, 139, 333, 125, 153, 23, 42, 156, 148, 67, 156, 354, 100, 154, 180, 159, 160, 205, 227, 167, 219, 134, 176, 197, 39, 191, 326, 118, 210, 180, 69, 221, 342, 51, 252, 148, 215, 272, 233, 56, 278, 315, 108, 278, 8, 98, 289, 153, 199, 296, 238, 
A78, 42, 91, 51, 328, 75, 79, 127, 194, 79, 52, 115, 86, 131, 162, 94, 183, 93, 113, 113, 71, 118, 302, 52, 124, 114, 152, 132, 104, 204, 136, 79, 215, 137, 73, 131, 140, 96, 141, 142, 86, 161, 145, 62, 195, 149, 250, 174, 155, 239, 142, 158, 266, 190, 159, 89, 105, 161, 90, 116, 165, 273, 47, 169, 98, 153, 172, 32, 205, 177, 98, 151, 179, 231, 125, 184, 55, 174, 181, 205, 229, 185, 260, 216, 191, 96, 150, 200, 14, 84, 202, 73, 135, 212, 28, 151, 212, 219, 186, 217, 158, 65, 221, 73, 130, 226, 32, 175, 232, 177, 152, 239, 211, 53, 260, 242, 83, 260, 239, 113, 276, 217, 171, 279, 172, 76, 284, 218, 
A79, 22, 160, 87, 44, 90, 95, 8, 113, 104, 191, 187, 114, 226, 157, 129, 222, 131, 145, 211, 50, 156, 328, 112, 160, 200, 181, 186, 62, 79, 213, 91, 182, 211, 68, 148, 219, 79, 166, 218, 76, 108, 231, 246, 86, 244, 39, 217, 245, 248, 121, 255, 127, 106, 261, 205, 132, 267, 114, 61, 270, 70, 76, 273, 39, 196, 273, 79, 
A80, 39, 129, 19, 3, 115, 39, 357, 141, 54, 31, 115, 74, 10, 47, 86, 307, 101, 104, 333, 56, 111, 305, 118, 118, 68, 193, 121, 70, 113, 127, 121, 119, 129, 93, 73, 131, 304, 88, 139, 125, 16, 157, 290, 112, 161, 113, 186, 162, 82, 226, 167, 77, 176, 169, 93, 91, 189, 121, 70, 192, 128, 156, 195, 104, 41, 198, 146, 122, 216, 97, 24, 222, 166, 29, 229, 318, 39, 243, 149, 205, 241, 101, 77, 248, 127, 131, 266, 298, 60, 275, 311, 190, 285, 297, 98, 291, 308, 61, 294, 321, 139, 304, 314, 104, 309, 326, 80, 317, 340, 180, 323, 325, 162, 327, 330, 135, 329, 345, 
A81, 20, 152, 14, 222, 164, 76, 39, 215, 89, 225, 100, 121, 31, 135, 135, 215, 202, 144, 225, 25, 180, 136, 159, 180, 233, 197, 183, 52, 193, 187, 242, 40, 210, 321, 100, 211, 204, 35, 220, 122, 188, 225, 228, 71, 262, 63, 64, 267, 80, 37, 270, 283, 45, 281, 281, 35, 290, 63, 69, 294, 246, 
A82, 33, 133, 23, 174, 162, 41, 37, 76, 59, 326, 122, 62, 8, 38, 70, 315, 154, 89, 211, 102, 104, 357, 181, 104, 66, 52, 126, 308, 110, 129, 24, 93, 144, 349, 98, 167, 60, 26, 169, 124, 12, 186, 309, 142, 187, 87, 120, 193, 93, 191, 195, 259, 63, 199, 118, 84, 205, 113, 90, 220, 107, 29, 227, 298, 97, 234, 107, 52, 238, 113, 188, 238, 70, 69, 263, 288, 169, 269, 82, 149, 274, 94, 59, 277, 110, 46, 282, 290, 114, 305, 101, 50, 309, 293, 183, 313, 79, 67, 318, 291, 
A83, 36, 193, 68, 219, 114, 82, 6, 165, 94, 211, 230, 123, 242, 132, 129, 194, 113, 137, 17, 230, 137, 250, 161, 142, 219, 101, 149, 165, 150, 150, 44, 230, 153, 253, 67, 157, 329, 117, 163, 31, 229, 166, 255, 98, 177, 23, 188, 180, 242, 29, 188, 308, 136, 200, 66, 85, 217, 107, 65, 221, 302, 92, 220, 98, 115, 221, 77, 156, 225, 75, 100, 227, 100, 138, 228, 82, 176, 236, 76, 103, 250, 104, 227, 251, 257, 79, 254, 293, 181, 263, 255, 59, 272, 284, 179, 275, 76, 63, 286, 297, 127, 290, 101, 154, 291, 96, 133, 302, 276, 
A84, 29, 239, 48, 233, 133, 80, 188, 222, 105, 228, 136, 116, 194, 129, 118, 27, 123, 129, 183, 202, 136, 58, 193, 145, 226, 150, 156, 59, 114, 157, 156, 180, 166, 58, 115, 176, 68, 111, 182, 96, 84, 196, 104, 116, 200, 98, 162, 203, 73, 215, 207, 70, 129, 212, 96, 246, 213, 248, 78, 219, 281, 108, 238, 284, 74, 247, 267, 157, 253, 104, 78, 258, 281, 93, 260, 293, 74, 263, 246, 96, 278, 142, 77, 282, 142, 124, 293, 128, 
A85, 42, 140, 27, 34, 43, 54, 128, 64, 71, 125, 126, 88, 221, 134, 93, 73, 35, 99, 107, 105, 101, 82, 158, 106, 86, 48, 115, 96, 175, 115, 82, 196, 118, 79, 18, 121, 114, 11, 137, 285, 139, 137, 101, 104, 149, 278, 72, 151, 73, 13, 162, 96, 147, 175, 107, 183, 179, 84, 87, 190, 346, 111, 191, 153, 75, 198, 42, 61, 200, 58, 217, 200, 68, 200, 203, 84, 146, 210, 117, 179, 221, 101, 34, 234, 232, 128, 233, 305, 192, 244, 122, 28, 249, 215, 65, 254, 225, 220, 261, 233, 137, 263, 325, 165, 264, 315, 66, 273, 208, 196, 276, 357, 220, 276, 183, 164, 279, 346, 116, 298, 0, 44, 310, 194, 172, 315, 6, 
A86, 31, 149, 85, 203, 198, 85, 32, 114, 97, 177, 100, 162, 131, 48, 163, 110, 135, 167, 52, 181, 166, 58, 111, 170, 114, 120, 171, 115, 211, 171, 53, 120, 181, 73, 172, 183, 70, 135, 188, 107, 161, 189, 82, 45, 192, 290, 154, 191, 243, 217, 205, 70, 139, 215, 141, 186, 222, 98, 44, 234, 62, 58, 233, 52, 197, 233, 98, 208, 240, 96, 122, 246, 170, 225, 246, 257, 148, 247, 125, 131, 250, 141, 84, 258, 215, 63, 261, 229, 206, 260, 276, 65, 280, 212, 
A87, 25, 182, 51, 186, 111, 74, 340, 82, 83, 135, 127, 89, 357, 149, 94, 174, 208, 108, 28, 111, 133, 132, 134, 146, 340, 58, 170, 298, 176, 171, 188, 111, 188, 107, 169, 192, 53, 137, 196, 101, 162, 200, 73, 216, 214, 76, 164, 223, 73, 66, 228, 105, 137, 234, 82, 196, 250, 245, 205, 251, 266, 222, 254, 98, 152, 269, 66, 197, 272, 293, 125, 287, 75, 114, 291, 263, 
A88, 25, 223, 103, 59, 40, 135, 311, 74, 164, 122, 82, 171, 311, 171, 177, 46, 137, 178, 18, 212, 188, 233, 191, 191, 225, 105, 195, 318, 128, 202, 14, 166, 207, 217, 155, 208, 48, 145, 227, 63, 45, 234, 301, 118, 235, 356, 202, 242, 242, 60, 255, 305, 109, 257, 345, 130, 256, 73, 118, 260, 128, 158, 260, 66, 120, 265, 121, 122, 275, 117, 147, 288, 111, 158, 291, 51, 
A89, 53, 36, 8, 183, 101, 11, 212, 175, 21, 218, 157, 25, 39, 31, 31, 169, 201, 36, 42, 118, 44, 222, 125, 54, 52, 18, 63, 136, 104, 66, 218, 167, 71, 53, 63, 78, 179, 89, 88, 218, 180, 99, 53, 207, 105, 228, 69, 115, 41, 124, 116, 239, 111, 118, 225, 199, 126, 48, 137, 130, 229, 149, 134, 176, 62, 136, 42, 110, 145, 210, 61, 150, 44, 181, 159, 163, 33, 162, 56, 145, 163, 350, 192, 165, 205, 173, 168, 352, 13, 169, 62, 217, 174, 200, 185, 176, 167, 205, 177, 183, 134, 191, 8, 108, 195, 24, 167, 194, 183, 75, 201, 35, 153, 207, 186, 70, 215, 222, 99, 217, 212, 107, 231, 14, 126, 229, 191, 162, 230, 354, 117, 240, 197, 183, 244, 174, 61, 251, 210, 16, 256, 229, 76, 266, 200, 106, 268, 180, 162, 271, 174, 176, 282, 349, 37, 296, 198, 68, 295, 186, 
A90, 17, 175, 74, 198, 154, 115, 194, 82, 118, 354, 186, 131, 207, 101, 134, 174, 166, 156, 27, 42, 215, 124, 151, 229, 238, 161, 236, 160, 125, 246, 17, 179, 249, 149, 166, 269, 347, 136, 271, 17, 59, 276, 65, 45, 278, 82, 164, 288, 184, 144, 299, 8, 
A91, 45, 145, 8, 197, 161, 13, 17, 89, 19, 183, 175, 27, 25, 199, 28, 207, 113, 34, 17, 56, 51, 169, 108, 54, 20, 214, 57, 210, 158, 66, 204, 105, 74, 191, 77, 77, 3, 227, 81, 35, 112, 95, 191, 186, 100, 30, 137, 117, 23, 225, 115, 217, 123, 128, 180, 31, 131, 134, 96, 132, 174, 146, 140, 194, 45, 149, 322, 89, 150, 149, 116, 169, 149, 144, 176, 41, 101, 185, 113, 126, 187, 96, 35, 192, 98, 111, 191, 96, 148, 220, 246, 218, 222, 79, 161, 226, 246, 186, 246, 134, 85, 250, 68, 66, 254, 73, 109, 254, 59, 128, 263, 44, 31, 266, 256, 172, 266, 309, 209, 269, 122, 156, 274, 27, 120, 289, 52, 157, 291, 222, 93, 293, 58, 224, 317, 142, 
A92, 30, 140, 47, 194, 143, 74, 200, 175, 76, 28, 144, 88, 191, 178, 111, 212, 108, 125, 177, 48, 131, 339, 121, 139, 17, 124, 154, 186, 163, 154, 203, 121, 175, 177, 180, 188, 48, 84, 222, 326, 142, 222, 203, 74, 223, 125, 170, 226, 218, 50, 231, 113, 121, 239, 153, 121, 251, 49, 44, 258, 284, 119, 265, 48, 100, 274, 72, 225, 280, 238, 128, 284, 52, 183, 286, 62, 118, 294, 58, 88, 301, 68, 176, 319, 229, 91, 324, 246, 158, 343, 225, 
A93, 49, 221, 15, 215, 70, 21, 132, 118, 21, 134, 80, 33, 122, 206, 46, 219, 187, 52, 39, 23, 56, 125, 202, 59, 218, 117, 62, 113, 96, 65, 118, 211, 71, 58, 57, 78, 302, 15, 80, 302, 40, 87, 127, 62, 85, 117, 222, 89, 239, 212, 94, 235, 91, 98, 103, 228, 114, 245, 219, 122, 232, 88, 132, 98, 196, 131, 236, 210, 130, 233, 100, 133, 86, 30, 144, 301, 72, 144, 105, 139, 145, 70, 167, 148, 243, 235, 158, 228, 81, 164, 83, 111, 181, 239, 75, 184, 338, 36, 192, 318, 186, 190, 219, 233, 193, 203, 102, 199, 211, 123, 206, 225, 50, 209, 352, 160, 213, 211, 60, 225, 172, 157, 235, 203, 38, 238, 349, 194, 243, 188, 133, 251, 190, 174, 250, 186, 56, 265, 3, 172, 273, 173, 155, 288, 174, 63, 291, 184, 
A94, 23, 150, 82, 197, 191, 102, 35, 58, 106, 136, 138, 121, 193, 87, 124, 148, 135, 156, 177, 182, 156, 55, 75, 160, 117, 23, 173, 278, 73, 186, 93, 44, 198, 97, 166, 198, 103, 134, 200, 248, 178, 207, 100, 148, 212, 152, 107, 215, 42, 194, 229, 110, 148, 234, 308, 211, 239, 94, 199, 249, 115, 116, 250, 23, 113, 259, 30, 113, 286, 27, 
A95, 33, 45, 40, 321, 82, 48, 149, 170, 59, 208, 222, 78, 228, 177, 91, 45, 139, 106, 28, 202, 108, 226, 67, 119, 312, 102, 126, 352, 147, 127, 48, 71, 142, 312, 168, 142, 228, 124, 147, 52, 93, 162, 3, 118, 161, 65, 149, 171, 73, 172, 171, 60, 190, 175, 238, 124, 194, 84, 101, 199, 104, 59, 229, 290, 139, 230, 100, 146, 242, 90, 58, 254, 304, 158, 261, 76, 93, 278, 307, 189, 292, 224, 116, 301, 325, 173, 303, 190, 77, 305, 328, 89, 316, 332, 116, 319, 340, 75, 327, 357, 
A96, 23, 168, 52, 357, 83, 65, 322, 56, 73, 135, 119, 78, 333, 167, 101, 3, 127, 113, 148, 100, 123, 326, 119, 124, 332, 42, 131, 309, 175, 148, 177, 193, 150, 6, 143, 152, 349, 150, 164, 160, 154, 170, 352, 127, 172, 340, 163, 186, 172, 42, 207, 307, 178, 210, 176, 114, 215, 325, 81, 233, 307, 108, 255, 318, 155, 260, 357, 114, 270, 322, 
A97, 47, 163, 51, 20, 163, 63, 194, 109, 73, 349, 46, 78, 328, 205, 81, 25, 89, 111, 345, 133, 110, 15, 206, 118, 44, 112, 130, 14, 52, 134, 135, 155, 139, 38, 178, 139, 37, 72, 146, 329, 129, 146, 38, 212, 145, 222, 147, 155, 49, 64, 160, 124, 126, 166, 68, 115, 175, 93, 74, 178, 318, 54, 186, 302, 143, 184, 84, 81, 187, 328, 39, 196, 311, 168, 198, 80, 185, 196, 69, 61, 200, 328, 213, 210, 62, 43, 212, 340, 197, 219, 246, 119, 225, 138, 147, 228, 124, 159, 227, 103, 169, 232, 104, 179, 234, 70, 148, 250, 312, 68, 261, 342, 169, 260, 325, 185, 262, 219, 182, 270, 180, 127, 274, 332, 220, 274, 232, 215, 279, 224, 154, 281, 346, 80, 287, 346, 200, 292, 197, 109, 298, 346, 
A98, 46, 192, 31, 201, 115, 45, 346, 170, 49, 23, 116, 56, 166, 100, 81, 145, 144, 88, 1, 152, 115, 177, 201, 121, 55, 72, 131, 127, 162, 146, 197, 95, 158, 309, 158, 157, 183, 115, 163, 118, 148, 171, 117, 123, 180, 107, 153, 180, 62, 214, 178, 80, 74, 187, 111, 138, 195, 83, 169, 203, 240, 63, 205, 114, 174, 209, 267, 130, 217, 72, 165, 220, 238, 177, 220, 291, 190, 220, 125, 73, 231, 105, 92, 233, 90, 226, 241, 105, 122, 254, 56, 194, 255, 141, 69, 264, 93, 163, 281, 354, 75, 283, 214, 55, 287, 300, 159, 289, 210, 99, 292, 226, 57, 300, 11, 211, 300, 312, 112, 302, 233, 220, 307, 315, 93, 314, 208, 128, 315, 204, 113, 333, 17, 140, 338, 198, 117, 348, 197, 
A99, 36, 182, 11, 183, 161, 17, 0, 139, 26, 166, 226, 28, 41, 173, 36, 17, 29, 41, 308, 144, 68, 6, 69, 72, 318, 27, 103, 302, 168, 107, 49, 213, 106, 63, 63, 125, 114, 153, 125, 62, 132, 143, 122, 208, 143, 250, 197, 145, 84, 138, 152, 107, 228, 158, 87, 154, 165, 98, 94, 172, 293, 205, 198, 98, 76, 223, 293, 182, 229, 277, 160, 234, 113, 24, 246, 302, 120, 246, 136, 77, 249, 305, 105, 255, 314, 46, 267, 311, 120, 278, 308, 198, 280, 287, 39, 290, 323, 94, 296, 328, 68, 298, 322, 80, 308, 343, 115, 308, 326, 
A100, 29, 102, 52, 148, 80, 65, 315, 169, 83, 191, 57, 106, 308, 221, 119, 221, 92, 152, 115, 69, 156, 298, 109, 166, 301, 131, 171, 315, 156, 176, 70, 153, 180, 118, 189, 180, 77, 153, 186, 104, 156, 194, 98, 227, 193, 87, 86, 197, 103, 137, 203, 98, 159, 209, 98, 102, 220, 96, 123, 217, 281, 142, 225, 278, 215, 233, 267, 198, 239, 93, 140, 253, 273, 186, 261, 110, 93, 262, 90, 138, 263, 263, 108, 272, 83, 170, 290, 124, 